30 20
38 64
82 66
2 69
82 88
55 36
76 80
63 3
10 23
22 15
65 89
16 69
40 78
67 50
37 86
44 29
25 24
92 12
50 92
33 28
85 32
32 55
36 80
72 46
86 86
14 81
5 42
20 63
55 23
62 41
72 94
26 14
41 43
23 74
85 36
22 11
20 40
38 61
25 59
44 56
88 95
3 88
45 50
7 51
80 78
96 0
79 21
56 22
79 30
91 71
75 16
70 65
67 60
20 65
77 80
58 86
94 11
5 53
85 5
8 86
43 36
72 86
40 89
40 83
64 80
19 76
37 26
17 42
77 92
90 54
42 6
8 29
28 7
11 87
91 59
32 85
5 78
19 82
24 61
7 68
16 53
69 73
83 4
12 41
65 72
53 68
83 13
16 7
77 42
37 14
89 18
30 21
29 2
76 59
18 96
73 3
54 19
9 92
50 58
67 7
23 13
31 66
83 9
3 82
91 91
14 83
98 53
94 24
32 63
86 98
81 12
98 84
17 59
56 60
53 75
81 34
59 87
21 68
93 23
47 63
24 58
66 88
61 9
22 38
83 12
3 69
77 85
80 4
10 13
49 70
7 94
24 45
64 43
48 8
16 34
72 54
94 6
35 38
16 84
32 45
3 93
6 59
75 34
4 21
61 48
96 83
97 54
14 11
74 45
48 22
36 16
15 25
30 57
17 95
24 43
37 13
60 69
52 33
36 31
64 63
19 70
10 75
28 22
66 58
52 20
17 12
17 25
42 86
82 57
4 85
30 80
50 29
63 78
51 30
13 36
61 41
14 61
51 5
39 65
37 48
39 52
24 74
29 36
65 7
79 22
45 78
82 56
7 26
77 58
54 42
91 1
16 51
64 65
60 28
39 56
74 62
78 90
89 76
53 76
36 70
77 20
82 2
32 89
30 32
53 49
26 23
74 6
16 73
88 4
71 76
88 43
74 71
12 33
15 75
76 72
74 55
95 44
81 21
49 3
80 50
36 65
62 38
42 85
22 94
61 10
7 13
27 77
15 56
79 41
13 49
6 65
60 67
53 97
85 50
76 81
94 15
20 39
60 41
29 31
90 61
77 84
38 50
7 90
5 68
96 25
19 20
90 50
32 82
20 96
11 68
28 30
72 32
66 5
88 68
82 86
43 5
1 47
82 58
7 64
66 84
38 51
61 23
57 7
93 21
5 70
61 92
4 39
70 55
29 18
91 66
30 23
85 31
72 73
94 57
6 29
89 31
X
6 74
42 15
60 78
50 55
8 63
68 83
73 21
10 82
6 50
92 73
78 32
84 92
51 58
69 36
54 71
2 23
98 86
57 76
65 42
91 41
90 58
4 87
31 38
47 42
83 74
82 84
24 39
34 91
43 32
4 53
61 39
61 55
3 83
79 8
9 57
8 43
87 56
56 46
74 34
72 24
90 33
59 62
8 22
43 49
27 59
95 30
64 66
80 15
49 16
26 59
5 94
17 69
58 97
19 81
58 42
44 24
94 56
10 27
9 49
78 65
66 92
26 80
72 33
49 62
X
27 4
94 34
85 72
55 41
27 66
25 89
3 94
98 79
3 67
78 24
64 27
18 33
75 29
69 7
97 91
4 86
7 30
72 20
7 17
75 71
24 89
92 2
66 2
98 57
1 15
86 5
85 64
85 13
84 66
82 33
69 38
83 96
60 92
10 28
90 38
38 26
27 30
2 88
29 89
31 63
58 55
18 78
4 41
44 9
41 0
44 78
44 14
7 63
82 38
83 5
12 11
45 15
2 33
21 74
93 29
74 74
56 36
8 52
96 55
96 81
12 76
13 98
79 19
23 65
22 66
22 63
18 44
71 71
3 85
20 97
98 39
30 53
85 85
57 53
56 7
83 32
33 37
92 55
10 85
38 18
59 39
28 9
29 51
47 10
84 29
12 92
28 67
12 40
85 73
89 1
34 27
57 39
37 56
90 18
48 62
54 53
87 37
61 2
20 46
85 37
34 79
83 28
60 88
38 63
16 61
38 46
91 42
34 7
69 96
3 7
93 79
13 94
84 76
72 27
12 27
45 48
48 92
40 68
97 93
73 72
11 94
22 79
59 85
13 88
82 14
94 39
81 60
7 79
98 24
21 4
45 46
44 76
66 45
25 85
78 81
55 49
91 95
80 90
1 58
21 30
22 56
87 12
37 33
65 38
12 28
29 0
73 1
41 95
40 87
83 19
7 71
58 40
55 47
10 73
82 81
3 21
45 53
67 9
79 33
29 25
12 43
7 5
15 33
34 49
63 52
42 22
84 67
17 77
90 62
16 19
2 50
28 17
50 85
95 87
5 50
65 44
93 59
57 83
95 93
40 76
87 4
71 89
81 69
50 40
34 58
76 88
73 58
37 68
95 88
7 16
28 23
40 51
6 79
77 83
87 54
71 73
75 62
20 32
89 65
81 11
12 65
45 66
47 16
60 59
3 56
36 23
54 49
20 22
41 36
34 33
58 3
8 56
31 97
47 81
65 70
70 71
95 86
18 1
7 83
64 9
43 69
40 14
52 3
77 36
80 28
45 89
15 49
76 19
17 49
57 10
72 21
86 4
79 39
81 79
30 1
68 70
65 39
98 63
36 94
8 87
64 25
43 50
90 56
31 17
26 10
8 66
4 70
X
22 54
52 47
88 12
66 91
10 33
90 31
6 16
8 32
4 13
92 14
22 59
35 67
10 46
73 83
49 5
27 13
74 18
35 79
89 51
66 21
24 67
90 75
83 62
90 53
11 26
15 22
10 62
50 36
84 60
95 75
36 67
75 65
6 35
69 26
69 66
71 37
86 2
30 47
89 67
6 2
39 26
11 89
33 51
65 82
14 73
75 23
41 17
37 57
21 15
17 22
22 8
16 22
13 25
42 43
76 16
22 1
69 39
57 54
X
63 47
33 14
45 1
94 0
56 27
20 69
49 44
4 44
21 45
65 87
86 21
17 29
24 22
83 89
77 66
56 67
84 19
45 41
85 30
1 0
5 19
3 26
70 41
2 54
85 84
34 87
88 88
15 61
96 3
30 41
41 77
79 0
51 52
12 9
3 58
34 46
32 29
28 44
72 68
25 32
52 81
55 12
33 72
95 42
79 93
34 15
89 16
74 36
51 90
14 59
72 58
60 1
52 53
98 93
X
48 52
89 93
67 61
4 7
15 97
88 57
73 74
24 56
15 79
75 53
64 42
81 14
90 14
80 67
76 17
16 59
78 69
89 85
54 12
59 72
93 94
59 23
4 88
86 80
48 71
48 80
13 19
70 67
94 72
89 75
38 94
34 92
39 54
91 15
53 21
32 25
69 32
16 29
16 10
59 70
84 85
54 37
73 87
7 96
91 18
4 23
3 72
29 46
41 24
29 3
81 33
81 47
38 49
56 82
64 94
27 6
73 60
24 76
85 70
84 6
60 25
60 66
74 37
29 78
8 70
64 48
74 5
55 40
47 46
65 61
81 80
9 34
10 10
33 67
22 29
48 21
48 74
89 40
19 14
90 59
74 91
97 12
60 90
46 52
25 38
44 66
8 88
69 93
43 22
30 19
66 73
71 2
43 76
74 41
83 98
17 75
75 57
8 39
25 62
65 76
65 52
25 75
46 48
26 79
3 95
70 21
31 74
66 24
21 13
14 3
3 45
40 90
7 66
86 85
98 26
98 35
40 2
55 7
72 3
48 20
16 68
20 21
32 32
57 59
44 84
74 88
45 36
53 20
82 53
2 47
93 64
7 76
39 70
46 43
45 27
65 93
11 39
9 68
40 46
24 93
34 85
36 29
97 84
65 53
18 57
38 62
78 70
29 67
31 89
7 50
43 66
81 92
11 65
57 9
89 0
53 39
47 86
66 86
29 30
7 84
83 17
54 89
47 57
24 90
74 7
23 68
16 16
31 16
2 60
50 64
89 14
76 89
54 6
23 60
34 81
74 63
92 36
45 28
97 37
60 89
78 56
17 68
35 72
39 59
27 45
86 33
44 31
10 66
54 39
46 44
26 86
75 35
55 87
62 35
82 13
40 49
32 71
84 51
72 43
8 67
36 89
94 33
62 65
72 12
X
58 16
21 19
43 85
84 75
68 82
70 27
58 98
34 28
78 84
36 0
63 54
29 40
91 56
68 28
78 96
39 19
37 85
23 80
20 52
68 76
84 4
77 41
38 96
4 82
25 91
93 16
3 73
7 54
69 24
91 30
60 83
18 80
17 35
43 73
45 29
74 31
63 56
43 88
49 87
26 74
48 35
20 19
13 76
19 67
22 47
86 94
61 69
37 98
19 9
56 68
75 94
88 35
45 30
91 13
62 16
25 87
56 4
58 11
44 0
19 72
72 4
80 70
22 77
66 22
51 41
96 29
24 97
68 60
80 85
56 93
68 96
37 59
34 78
5 28
25 66
44 55
21 35
90 35
10 56
12 54
40 34
28 40
84 98
12 22
52 41
97 62
45 94
21 62
16 26
97 3
3 16
23 29
65 64
42 2
68 61
67 4
12 69
43 31
21 47
83 48
81 87
62 37
12 63
84 22
33 20
97 25
22 68
32 26
42 84
87 30
24 49
28 31
55 92
81 0
24 4
78 10
73 54
32 78
27 73
40 52
88 45
24 46
84 70
89 36
14 27
14 60
21 65
69 61
57 74
89 91
34 17
43 24
77 49
49 46
89 38
47 14
24 40
98 2
25 98
14 95
80 77
57 77
30 4
36 19
79 92
39 14
14 58
78 88
58 43
82 83
98 49
74 51
13 20
53 41
46 8
6 77
19 51
88 94
56 72
43 91
46 50
9 94
62 28
17 9
32 40
84 17
87 6
94 62
66 26
20 98
32 42
77 81
83 68
67 88
69 63
51 95
16 93
17 48
X
33 29
39 76
87 83
25 68
14 48
98 62
41 26
86 45
47 58
11 42
57 78
19 65
65 94
76 38
96 56
5 69
48 6
66 98
21 61
82 24
34 80
76 30
93 80
95 29
56 0
3 70
34 89
6 81
52 74
72 63
5 65
38 42
22 5
27 15
49 4
13 17
18 74
33 47
9 48
8 8
28 70
58 39
25 70
43 68
10 2
22 81
58 22
62 7
97 48
98 29
23 27
44 18
84 88
9 40
93 77
28 26
X
13 38
50 4
97 4
68 22
16 25
85 22
83 20
19 42
33 42
98 13
42 42
10 34
43 15
12 23
34 40
63 67
88 92
22 52
91 19
86 55
33 75
53 11
82 54
20 74
47 38
72 7
27 61
40 6
1 98
42 21
2 26
26 38
81 3
56 5
37 70
49 63
70 5
11 45
70 96
96 95
59 10
6 24
38 6
23 17
11 67
44 88
X
33 68
77 43
18 52
50 87
81 7
93 6
6 64
91 85
89 6
95 85
88 49
11 13
70 48
32 87
88 27
76 21
84 16
1 87
70 92
9 50
64 26
11 64
73 82
45 67
9 10
10 36
73 55
74 60
97 42
55 62
28 59
60 80
92 95
41 47
32 14
64 3
42 9
15 94
49 79
30 67
90 42
97 10
10 19
69 1
82 92
7 35
5 96
47 24
X
60 91
35 45
44 34
56 6
84 40
90 39
86 22
92 51
23 38
89 25
38 86
86 12
23 3
40 0
85 24
52 44
91 93
20 11
45 61
23 56
66 80
39 10
1 95
57 40
95 48
64 84
21 52
32 92
5 8
94 36
88 55
33 24
82 70
94 32
33 62
61 25
83 93
78 19
45 96
63 44
40 56
66 64
27 47
24 42
54 26
72 42
62 8
41 79
61 73
18 88
13 28
19 90
12 58
2 77
80 68
76 20
1 10
25 58
22 35
58 83
74 80
9 14
86 9
58 38
73 42
17 56
67 76
16 28
47 36
71 36
80 98
39 9
42 74
34 55
94 20
14 80
6 9
49 94
85 61
20 92
76 40
X
44 35
67 98
67 80
12 64
95 80
33 60
91 31
37 94
90 13
61 52
39 72
23 94
74 19
45 68
23 15
24 15
30 75
60 23
13 78
55 28
48 32
11 21
45 76
56 23
46 38
23 93
1 92
44 61
1 86
10 88
34 48
66 85
52 78
54 91
60 39
75 52
12 20
35 28
1 91
60 68
69 6
53 92
54 10
51 77
81 19
84 20
12 13
84 7
80 2
21 53
28 47
12 67
72 40
97 50
66 20
82 12
X
27 68
17 81
65 40
84 24
49 30
63 15
78 67
17 23
43 2
81 22
86 36
81 36
24 80
59 22
6 6
25 26
34 36
X
33 46
41 76
1 56
34 70
57 4
26 4
95 94
9 91
75 89
50 37
77 87
20 24
48 75
24 33
16 80
15 15
74 27
13 41
26 33
18 45
32 88
22 93
65 37
37 20
97 68
44 91
72 37
41 90
93 13
92 43
63 27
70 22
53 90
21 70
5 3
43 92
68 52
3 22
85 86
48 87
96 41
79 95
62 61
48 16
6 47
54 3
89 5
7 91
66 17
52 2
19 7
42 47
8 21
63 49
56 95
74 86
5 6
78 21
66 39
86 88
40 73
25 82
7 87
24 92
20 79
34 0
56 14
15 3
51 33
19 64
18 15
35 83
69 30
11 34
X
10 57
12 96
57 45
14 13
96 59
30 93
51 43
57 61
46 54
66 56
1 82
51 39
83 70
26 9
6 37
21 58
91 38
4 38
72 28
47 66
5 0
92 72
17 57
15 54
14 34
53 24
52 29
54 75
67 75
5 66
24 57
87 28
18 93
50 19
1 61
21 25
47 33
2 82
23 41
42 81
37 43
61 1
16 79
85 11
6 53
29 90
32 17
79 79
X
35 71
89 17
67 32
36 66
41 27
71 72
96 69
41 39
48 58
46 89
50 90
87 29
20 75
82 1
79 64
9 95
30 14
42 1
32 77
22 73
29 73
73 32
76 41
27 8
19 68
35 27
41 46
47 69
53 43
13 82
71 47
53 22
4 54
39 28
66 93
65 11
86 20
96 39
17 71
81 26
39 75
84 33
48 89
10 97
4 81
9 3
4 77
51 40
21 27
6 10
54 78
18 63
57 38
3 96
53 57
58 59
58 79
46 41
X
91 50
22 70
28 1
55 78
49 71
46 36
49 29
62 79
14 71
98 8
92 28
44 8
X
75 54
53 73
18 54
60 54
22 9
65 51
73 7
79 59
44 20
26 35
17 28
51 6
22 20
63 45
59 73
13 91
12 93
25 41
68 44
3 31
55 13
77 59
22 32
48 73
74 79
98 74
4 20
51 38
90 92
75 79
41 69
7 15
20 20
6 72
69 41
57 55
95 6
44 95
11 63
96 38
X
50 42
26 85
33 88
48 38
41 8
33 69
73 44
37 42
41 68
8 48
39 62
88 16
25 11
34 32
52 76
24 3
65 45
21 10
69 49
71 56
54 93
68 77
63 72
50 43
93 40
32 93
21 92
97 71
98 32
79 91
96 94
80 29
39 38
35 23
17 24
27 1
18 42
75 74
85 68
42 66
31 46
73 4
41 41
54 41
32 33
17 34
11 57
14 20
48 69
X
50 51
86 73
76 85
7 74
2 51
69 79
37 90
13 55
4 35
17 8
37 6
83 23
42 75
12 37
94 12
73 45
30 51
93 93
14 37
93 83
79 47
15 86
7 77
20 30
25 28
95 4
17 50
70 14
1 29
26 47
85 76
21 12
39 83
11 66
58 93
52 58
6 55
58 56
73 80
18 3
80 57
23 91
25 25
43 58
68 94
X
9 47
73 49
42 67
12 12
63 28
78 75
64 46
28 75
96 27
48 30
61 78
49 72
24 41
69 44
10 94
89 35
37 80
92 53
29 44
47 12
46 79
98 45
51 9
58 96
79 89
82 6
9 69
37 45
81 29
22 39
54 50
56 62
92 74
92 81
39 33
43 35
58 81
25 55
37 16
9 2
16 33
66 57
97 2
47 79
9 54
73 25
14 36
95 74
7 12
1 69
39 63
8 4
96 68
97 63
32 98
21 79
46 51
28 18
75 76
62 15
87 45
46 65
X
13 24
56 1
86 76
46 78
75 44
12 0
98 21
41 78
55 33
18 72
17 65
27 31
4 60
29 24
6 56
71 57
20 44
71 12
53 27
93 42
5 15
31 68
50 75
88 32
31 34
9 64
87 53
2 67
9 19
82 69
36 14
88 0
12 70
22 75
27 65
11 71
78 68
18 95
58 78
9 43
9 93
26 82
56 73
83 81
82 16
50 74
65 18
39 91
37 96
8 28
49 68
68 95
97 46
2 14
33 13
73 8
93 82
58 46
32 13
87 84
50 34
12 73
49 41
76 35
48 14
3 29
52 90
46 82
52 7
48 76
58 10
75 45
55 52
79 67
66 44
8 71
1 66
82 89
6 48
68 43
85 43
32 20
66 71
76 18
75 60
25 37
33 7
35 58
90 84
60 84
92 96
17 90
23 5
13 18
81 72
98 12
69 25
41 18
2 72
16 35
50 59
32 62
94 60
21 54
8 26
79 46
73 76
48 17
3 49
80 64
37 44
92 4
84 57
29 76
68 38
35 8
96 65
91 72
56 21
30 52
38 28
32 74
93 55
88 33
94 54
29 23
83 56
45 39
48 65
95 27
97 94
76 15
77 90
74 85
82 7
4 96
2 57
40 82
11 74
66 28
31 87
98 11
69 60
87 32
79 70
X
55 91
16 90
15 37
36 79
2 91
45 26
38 57
13 13
80 76
58 60
19 77
61 62
21 78
52 8
74 48
22 16
52 82
73 22
53 87
75 92
5 83
85 92
66 87
82 49
14 2
90 41
82 98
62 67
77 93
37 0
17 15
81 74
73 10
26 11
27 89
22 2
63 66
3 68
22 92
85 98
11 82
38 36
68 26
71 64
42 56
81 13
79 23
71 91
82 3
38 81
97 0
6 39
71 26
66 7
68 88
4 10
22 18
87 78
37 82
45 19
88 71
X
85 91
66 94
65 31
56 78
42 69
85 8
19 15
82 91
19 12
6 28
9 22
95 45
96 42
81 68
24 16
9 85
76 84
77 86
67 48
13 39
23 78
90 30
72 19
60 3
13 45
30 34
11 92
89 43
30 83
48 81
71 24
14 26
31 1
84 89
X
98 82
62 59
72 13
57 72
80 89
28 62
19 53
79 34
X
91 77
65 74
62 12
72 25
47 97
63 93
36 51
79 90
50 46
61 16
35 60
64 38
61 46
18 13
39 43
78 18
32 16
96 9
13 97
16 2
47 65
93 71
87 18
16 42
95 61
24 29
52 54
X
4 17
96 72
29 5
8 51
87 19
95 49
63 79
95 98
91 40
5 5
81 71
8 31
20 78
75 82
84 14
76 54
70 60
93 24
74 23
90 40
79 60
72 9
31 98
53 36
66 89
63 92
46 10
20 54
95 36
X
93 30
18 43
40 42
74 33
66 6
45 13
52 85
12 75
30 68
28 20
35 17
97 72
94 64
61 91
19 59
55 45
9 12
44 82
26 88
43 89
69 89
19 43
72 52
17 11
70 43
85 17
40 7
98 91
36 39
10 63
50 24
5 14
27 33
35 43
7 61
34 69
60 48
35 25
25 92
73 24
44 39
90 15
51 89
47 8
70 47
85 23
84 63
32 75
31 69
50 56
83 60
34 26
73 75
53 5
18 17
54 24
25 81
60 77
12 15
11 9
62 62
21 20
2 58
65 41
66 47
1 53
2 63
87 66
50 20
95 9
52 15
56 83
83 88
57 57
65 50
48 55
9 58
13 96
4 65
33 74
16 18
22 23
39 0
81 53
51 56
35 84
49 67
71 28
21 3
55 0
41 85
79 86
70 81
58 84
33 48
76 4
51 72
66 32
57 62
3 24
14 76
55 69
75 8
70 10
5 95
4 28
92 62
7 72
22 97
4 12
86 64
54 23
64 57
69 78
52 40
66 82
14 5
54 60
54 48
39 29
19 83
55 93
54 77
36 22
8 44
88 89
8 74
41 58
41 11
1 59
45 7
15 93
7 59
2 12
15 85
89 15
2 68
41 89
78 80
27 70
79 96
59 57
49 65
73 34
30 40
16 78
22 40
88 18
35 93
15 5
84 18
91 68
87 67
56 49
6 3
31 20
50 38
63 86
88 87
67 72
X
8 54
66 55
35 15
28 13
76 0
65 86
44 65
15 66
63 40
65 4
15 84
80 44
83 24
32 91
35 47
8 42
95 0
69 67
24 83
69 70
79 44
37 22
98 30
97 49
15 42
54 18
28 79
81 17
22 41
48 15
33 27
53 69
66 51
77 55
26 54
50 6
28 43
70 58
64 45
14 77
22 17
57 41
88 78
22 60
14 79
16 4
18 9
18 79
50 76
46 60
31 41
8 23
29 47
78 92
74 0
77 50
68 37
5 21
68 40
52 62
80 79
51 21
65 98
78 2
73 5
5 58
12 85
84 87
13 53
12 79
35 9
57 92
48 40
17 66
10 39
23 53
39 47
51 85
58 18
59 89
21 46
3 63
8 38
1 73
16 14
64 71
2 76
1 70
43 72
23 64
84 72
88 82
55 55
90 64
34 74
12 72
2 56
37 55
23 22
15 83
87 41
X
54 47
43 47
57 26
61 38
85 53
16 88
97 96
65 19
62 69
39 93
83 65
8 7
34 21
83 57
43 9
83 73
12 83
5 30
94 5
35 86
93 7
88 44
51 57
3 90
40 67
68 10
48 94
24 35
10 15
76 13
78 78
94 43
42 59
88 80
7 27
80 59
36 93
97 26
25 40
87 77
18 82
15 98
11 88
12 10
42 62
25 44
73 78
40 47
34 38
54 52
56 59
18 21
12 91
77 71
80 61
89 83
95 23
41 49
47 22
82 90
6 67
4 66
78 34
85 83
71 65
49 86
88 91
65 10
15 28
36 78
3 60
58 17
77 31
55 98
44 38
34 72
95 28
12 77
31 31
95 91
2 98
19 79
50 96
43 61
54 15
15 88
42 13
37 65
44 80
6 25
64 6
14 35
66 74
54 11
X
47 51
44 21
38 73
49 21
22 78
24 34
46 19
86 81
8 3
73 52
52 61
79 20
6 15
55 38
19 75
43 23
35 69
51 55
96 92
48 57
89 78
14 75
35 50
73 93
40 24
26 67
46 45
10 14
51 24
9 46
87 15
3 71
35 11
58 53
64 56
40 69
92 33
47 20
64 58
43 33
71 38
19 96
95 32
59 88
70 82
18 58
25 34
37 25
47 62
74 72
59 60
89 23
54 36
36 28
70 4
67 2
21 9
53 79
83 39
47 50
74 95
79 55
26 77
71 1
31 80
2 48
34 67
61 75
42 96
90 43
14 14
48 67
84 61
18 0
10 70
54 4
54 13
3 92
42 93
54 44
97 36
5 43
74 1
35 70
94 30
1 60
31 90
55 84
48 27
98 34
36 46
34 19
46 9
70 3
38 52
51 18
90 82
98 69
72 61
87 64
48 46
84 81
45 56
48 28
97 44
57 27
50 57
56 15
56 34
12 68
57 47
62 29
60 62
74 10
72 44
32 37
20 8
92 0
94 82
4 25
58 94
39 2
5 32
48 96
38 79
91 23
8 94
83 75
84 56
10 24
75 80
65 5
12 45
7 37
61 80
82 32
50 17
88 14
2 9
53 25
27 12
73 18
26 83
45 20
70 23
73 79
56 51
44 94
24 82
43 16
59 75
42 79
37 51
26 25
31 79
94 10
27 27
63 46
14 70
77 9
47 17
66 3
62 78
46 94
30 87
5 98
57 2
66 8
89 68
64 17
39 48
63 37
20 57
11 20
93 54
57 20
32 1
62 74
76 25
64 18
67 44
4 33
32 34
3 11
23 42
18 34
17 70
95 69
4 6
8 55
3 5
75 24
22 22
17 64
35 87
15 89
9 15
54 62
87 86
36 58
2 38
67 89
49 75
26 36
72 34
29 66
12 95
8 17
93 43
64 55
83 78
35 48
82 82
93 2
37 18
74 56
98 18
35 57
95 83
50 2
92 94
33 86
94 81
16 60
6 12
83 63
63 24
9 9
76 92
57 63
29 65
57 12
37 30
93 63
64 75
9 35
39 5
11 19
81 90
82 78
56 2
93 68
38 89
86 29
21 77
12 61
59 41
49 20
86 46
23 8
71 27
76 62
13 44
72 69
19 10
54 5
62 36
81 16
35 78
69 94
6 95
38 48
91 62
63 53
16 48
25 93
22 87
59 91
27 75
12 16
59 53
53 44
68 30
15 62
28 4
61 84
82 76
96 23
27 44
47 35
10 90
64 37
16 96
55 39
45 17
18 89
21 91
38 74
76 58
40 10
85 59
9 17
17 51
42 92
70 74
95 25
28 69
56 53
92 44
34 45
53 62
77 75
18 40
79 32
33 50
28 64
37 32
96 70
40 50
69 2
55 16
10 98
89 66
60 47
87 93
43 70
12 66
61 60
51 48
34 56
34 14
42 38
39 60
84 83
15 92
91 7
12 90
50 21
58 67
22 14
57 25
97 83
21 33
12 47
11 29
22 76
13 95
65 92
58 2
78 55
98 94
2 96
17 74
87 20
1 35
90 1
89 20
73 13
40 45
21 56
95 62
82 23
39 86
1 11
32 79
45 87
21 97
52 89
58 74
92 39
92 41
73 36
69 17
29 22
12 36
79 94
87 50
41 83
78 9
41 60
57 98
69 54
37 41
22 96
66 33
13 60
29 57
67 95
11 85
22 67
41 40
17 41
10 49
7 65
7 70
26 42
26 61
13 15
89 77
56 45
95 1
23 45
23 55
35 85
31 28
44 57
21 31
63 65
28 77
7 19
63 61
76 51
78 91
43 63
81 49
2 45
84 94
15 74
33 80
54 56
23 16
11 46
12 59
47 89
22 6
X
26 3
57 52
24 55
19 16
20 7
19 24
72 56
15 35
67 92
11 2
87 8
58 75
74 89
23 95
74 9
68 71
57 82
50 66
9 76
9 36
94 16
36 95
32 6
47 48
50 78
3 84
87 70
69 20
74 50
45 60
37 83
28 14
39 25
7 49
89 80
57 5
65 80
7 81
64 40
6 20
34 37
49 19
62 23
49 37
17 61
54 82
86 11
23 81
35 76
75 64
25 35
30 77
5 34
43 17
83 66
7 46
17 26
67 91
9 23
92 15
78 66
84 91
23 44
8 84
15 19
56 84
16 54
4 30
4 26
44 19
55 60
90 52
98 95
2 83
3 6
46 55
47 67
58 62
8 13
9 37
93 51
38 77
92 91
12 34
75 73
34 34
46 96
38 35
6 68
14 82
55 27
12 8
47 78
10 18
22 62
76 65
30 84
89 64
91 25
30 24
73 73
78 30
53 53
17 4
61 37
4 34
53 2
45 5
3 50
70 28
3 33
14 87
93 70
8 68
53 0
92 86
42 11
94 94
54 69
65 58
43 96
79 81
7 33
53 60
50 18
49 11
80 21
46 37
17 93
39 74
34 68
2 35
31 33
30 9
2 30
35 31
28 76
27 79
49 18
24 69
30 5
48 44
61 54
17 79
10 16
9 26
84 13
62 64
14 74
4 45
88 50
92 54
91 6
43 60
37 91
6 13
73 33
52 72
77 53
41 42
24 54
87 82
86 15
82 19
51 60
46 35
72 22
39 50
16 17
83 6
36 60
79 40
62 91
55 59
95 54
70 9
15 26
57 79
87 91
91 0
80 23
88 22
47 93
14 38
38 14
72 10
87 98
14 8
8 5
76 42
21 82
73 89
70 45
30 28
63 29
59 54
4 64
66 31
75 10
56 41
12 74
10 58
15 52
28 10
72 96
36 68
66 19
69 62
49 38
55 6
66 25
81 9
27 42
47 98
71 75
72 51
33 32
98 88
35 59
58 68
94 90
65 30
8 45
86 87
66 96
86 13
73 9
32 50
64 10
3 77
93 31
26 69
87 22
38 87
25 45
62 83
6 88
28 41
54 95
91 27
38 44
5 91
98 65
41 63
77 77
32 81
74 70
10 8
74 98
24 71
81 2
45 59
20 43
91 22
33 81
X
62 24
59 61
5 67
25 46
59 17
72 93
88 8
26 66
89 39
47 39
83 14
57 60
5 35
74 76
70 24
63 71
43 48
81 98
26 53
89 74
74 20
34 13
45 10
76 75
83 97
52 45
60 82
5 86
59 7
55 2
97 87
62 81
38 47
3 74
70 91
37 93
45 71
47 77
15 58
58 15
29 32
76 67
39 58
35 0
18 97
23 57
59 79
85 6
85 40
23 39
19 46
48 47
76 64
93 22
57 80
20 33
52 49
16 89
66 9
84 5
14 91
71 55
66 43
13 35
97 86
58 71
37 61
55 83
74 96
49 64
38 93
53 15
15 72
44 62
25 72
72 70
15 69
26 39
85 77
34 25
77 37
44 68
72 36
24 9
19 8
76 44
98 44
57 85
25 57
25 42
45 47
2 70
96 75
20 18
58 72
37 17
96 90
17 1
77 40
35 66
23 84
71 49
45 51
84 39
73 30
38 8
45 95
61 66
38 29
47 9
67 8
71 54
55 44
26 70
45 16
74 97
34 57
38 95
X
47 94
40 15
15 57
63 80
91 14
40 40
59 28
77 30
33 63
50 45
89 69
59 36
42 88
93 35
90 34
46 5
74 16
74 49
48 68
43 64
66 4
23 21
96 10
91 5
45 93
22 12
97 58
4 2
50 11
66 90
40 1
8 18
59 77
55 29
75 28
73 57
52 34
61 61
24 20
70 56
42 76
74 73
31 45
80 49
63 48
24 31
5 38
8 16
94 21
48 70
18 51
30 81
77 15
5 60
65 91
49 73
11 23
89 42
6 1
49 17
65 96
95 97
X
89 84
81 97
28 15
15 14
87 13
88 31
29 45
36 71
4 1
11 25
49 35
91 33
6 33
31 81
87 88
44 5
16 21
85 78
68 55
52 92
60 57
98 64
86 7
86 74
69 50
45 62
97 56
91 24
97 38
86 62
45 54
33 36
42 48
85 44
18 29
15 7
13 8
47 34
10 48
59 95
79 2
30 85
54 84
15 48
40 95
73 56
74 58
54 94
86 82
77 22
40 85
30 74
6 86
64 47
6 61
77 3
79 36
4 16
59 15
60 36
7 14
83 7
87 9
30 69
10 60
9 79
45 25
76 76
18 73
X
4 0
45 8
98 0
43 83
31 40
36 55
36 21
80 55
93 14
58 33
30 17
98 16
75 86
20 66
65 33
40 55
85 42
27 3
53 7
14 68
27 49
75 88
34 62
68 78
88 6
65 32
28 73
76 60
79 63
57 42
32 51
32 47
23 59
98 87
67 51
23 92
67 23
16 8
57 67
4 61
46 56
62 27
30 33
96 80
71 10
27 86
8 92
70 26
13 92
94 78
58 37
25 3
71 92
9 78
53 66
21 60
63 10
72 85
22 74
23 26
87 0
9 72
7 92
22 21
35 18
76 79
41 59
34 24
68 32
11 30
65 47
11 12
74 25
5 11
48 34
19 56
97 33
25 21
68 39
8 89
42 3
38 16
51 61
X
88 66
91 69
45 83
73 39
80 56
35 26
91 60
68 89
30 94
18 55
85 67
95 31
53 93
38 19
90 12
73 62
25 23
36 20
8 77
46 71
41 20
19 60
72 14
43 20
X
45 32
66 46
41 94
53 48
47 43
8 98
16 65
26 18
14 12
39 61
92 89
10 69
41 7
69 46
58 32
35 89
79 56
33 70
31 23
19 91
57 86
33 31
48 86
43 13
43 7
27 9
12 97
77 70
33 23
51 68
43 3
29 39
X
41 81
8 72
24 12
3 34
8 81
70 50
50 71
19 41
87 34
50 89
64 29
32 22
91 45
16 66
16 91
71 44
9 90
66 63
83 69
66 62
45 63
4 95
53 16
9 21
53 84
38 22
18 53
78 71
16 57
23 28
63 70
39 89
43 56
35 65
83 87
10 1
12 71
68 51
40 75
98 33
45 12
58 6
X
49 8
86 70
72 38
97 8
80 69
38 65
85 81
72 65
18 16
17 80
88 7
80 86
93 60
53 51
23 83
76 12
38 85
59 26
50 28
44 1
24 81
66 75
77 1
94 86
36 40
86 77
41 65
70 12
46 39
86 40
36 92
97 55
5 17
97 69
93 66
8 95
3 80
9 55
51 35
77 32
11 48
38 23
90 86
67 79
6 54
29 80
36 36
33 35
37 35
49 53
6 66
53 91
64 61
63 11
6 87
92 57
83 33
18 60
86 65
26 87
29 52
9 51
80 31
50 53
30 97
76 34
23 61
47 49
86 14
96 50
80 8
17 88
21 96
56 88
77 14
76 22
76 63
25 97
54 29
71 93
91 57
12 14
35 94
52 17
82 0
90 68
96 47
21 64
85 38
7 23
61 24
53 38
37 7
40 41
48 54
92 16
10 61
69 23
87 31
13 27
98 47
57 31
22 7
81 18
9 33
51 71
24 87
96 63
61 67
47 40
83 2
86 6
12 86
17 60
X
78 59
78 23
9 41
25 22
25 54
9 8
40 86
3 15
24 21
71 97
53 82
97 32
47 29
90 57
39 96
95 57
85 28
5 7
39 78
4 4
77 46
12 55
X
72 30
95 24
96 86
33 15
79 85
X
83 46
14 97
65 34
21 40
22 57
9 16
96 96
23 69
12 35
60 24
39 30
15 17
55 50
20 35
59 48
14 64
87 11
92 31
46 11
81 83
25 19
96 22
57 93
26 64
43 57
38 30
18 92
69 98
93 4
88 23
48 90
59 67
24 24
38 32
26 24
X
16 40
80 75
61 93
69 57
3 59
4 97
27 52
8 6
12 88
10 44
55 53
23 97
77 16
96 78
47 44
46 40
76 91
59 65
72 67
61 28
7 11
52 95
1 88
53 26
59 74
15 60
50 33
22 55
31 70
8 10
55 72
52 50
67 37
43 55
49 59
16 9
96 20
24 86
6 32
4 72
39 46
2 28
81 67
51 91
85 34
60 72
25 86
4 47
11 36
4 19
56 10
75 1
21 23
64 44
34 71
29 19
35 7
32 36
65 54
79 7
72 74
20 4
77 61
44 69
40 3
59 29
53 50
42 70
38 20
95 96
35 41
61 90
23 70
45 22
98 89
91 94
56 20
11 16
84 86
90 74
22 72
54 70
75 98
20 56
26 68
26 58
55 86
93 3
78 45
91 84
65 60
58 47
73 26
87 71
44 30
1 43
18 11
83 90
66 61
32 60
22 91
47 21
3 89
11 43
25 80
91 82
51 69
90 36
49 85
70 42
97 27
10 55
49 50
36 57
50 35
40 39
19 89
15 8
43 18
84 36
33 95
55 61
33 85
29 6
70 83
30 36
42 25
69 56
29 20
90 44
40 88
49 91
96 53
5 1
72 26
5 48
7 52
84 34
34 64
71 96
74 29
58 41
68 75
68 53
45 42
84 82
26 45
91 58
47 95
33 43
93 81
68 91
X
14 86
17 92
10 26
75 36
29 34
39 49
12 19
67 25
65 73
83 22
29 72
10 47
67 59
71 58
78 33
70 30
45 81
75 37
92 82
54 51
55 25
95 92
19 11
74 35
84 2
33 19
95 38
44 89
52 63
53 14
68 63
59 90
X
58 63
48 7
71 43
17 19
79 57
10 45
55 70
46 13
56 24
76 57
33 55
90 22
7 21
95 90
75 87
16 13
28 27
49 51
25 47
18 81
35 80
57 3
42 18
71 9
64 78
50 54
90 72
49 15
25 61
66 30
63 16
23 40
36 69
87 42
81 46
33 65
90 55
47 64
23 43
79 9
84 69
86 34
30 89
67 5
47 1
89 57
95 68
59 68
6 41
5 56
23 77
95 59
58 34
44 6
46 34
56 44
47 73
34 23
28 8
56 98
89 70
96 15
34 50
38 21
46 12
32 49
58 25
16 76
30 45
21 66
58 90
73 38
14 85
91 37
28 46
68 3
54 54
70 73
79 62
62 6
47 54
59 83
42 65
4 48
57 6
30 54
51 23
X
8 35
10 9
39 15
10 87
19 74
29 85
50 8
62 11
30 46
28 45
82 94
98 67
58 52
96 91
76 14
70 93
21 8
67 43
74 61
88 65
64 89
35 91
45 85
18 18
5 84
78 93
43 77
68 81
64 62
39 73
81 10
73 63
10 25
37 62
40 59
2 65
18 10
12 30
48 36
46 15
27 84
11 27
19 93
74 84
36 87
39 87
39 84
19 52
10 92
86 24
14 56
25 5
16 49
55 43
25 56
95 43
41 37
56 38
15 21
79 69
55 94
15 51
51 81
89 8
13 73
23 33
72 60
52 19
78 54
26 62
95 46
30 29
93 41
84 47
63 64
41 22
41 86
87 74
78 85
6 51
90 85
30 22
17 18
90 98
73 46
44 47
82 67
91 53
37 47
6 14
2 27
74 94
71 13
63 85
19 21
X
70 13
66 41
61 49
25 12
6 97
81 58
60 81
62 72
83 47
53 54
60 76
41 44
20 53
91 46
52 16
88 63
71 79
80 7
28 2
16 12
55 58
44 22
88 26
62 94
51 10
87 24
21 43
67 53
12 44
50 13
67 40
56 39
1 94
25 39
2 61
67 62
53 40
35 75
65 75
86 31
X
22 34
78 11
35 73
51 96
95 5
53 67
85 75
61 88
13 83
41 70
80 95
56 54
67 30
50 47
46 16
20 83
90 69
61 0
70 59
95 2
21 24
63 41
27 81
74 30
26 6
94 2
80 63
28 16
37 95
94 79
85 66
34 82
37 84
35 42
10 77
23 18
62 50
57 81
98 66
6 71
35 21
63 83
41 13
67 16
24 48
43 8
14 17
25 49
5 44
75 75
57 91
29 71
X
12 84
X
56 47
2 90
6 76
15 38
59 56
41 35
44 27
92 45
7 53
76 50
48 33
11 90
70 72
34 52
82 18
90 37
49 47
16 86
4 67
22 61
59 86
39 20
81 23
21 59
54 32
72 59
22 31
78 29
90 83
1 96
37 89
25 6
94 53
61 56
45 31
74 39
33 94
98 9
65 71
83 50
35 29
29 43
8 14
36 42
50 80
13 29
55 77
26 60
74 24
87 63
9 83
19 6
29 82
86 19
37 53
40 20
96 33
11 35
38 71
78 1
3 55
51 92
56 90
97 34
86 52
32 39
74 59
84 52
72 29
71 0
30 56
57 29
55 75
29 79
70 52
26 98
92 20
16 52
45 52
31 60
39 85
41 62
18 8
84 32
68 72
46 80
39 37
49 93
4 5
62 60
71 31
37 11
95 26
30 90
71 60
28 71
90 5
93 34
81 57
83 3
56 56
31 56
7 8
14 39
78 58
79 49
2 1
98 14
46 31
93 62
63 36
73 98
95 10
7 95
88 56
44 36
82 80
3 52
60 22
81 1
9 18
92 27
64 24
56 57
77 12
77 35
37 50
28 85
66 48
59 3
89 92
91 39
2 66
24 98
66 36
15 55
52 65
79 38
72 18
24 37
X
85 56
69 52
69 35
48 48
54 20
70 98
11 18
62 77
13 93
94 23
84 35
9 70
60 61
13 84
10 20
23 50
73 53
50 52
25 88
14 66
27 2
51 3
65 12
94 9
23 52
75 70
94 91
83 18
1 57
49 55
51 65
24 19
40 53
50 68
14 72
96 77
53 6
67 31
6 63
68 25
49 90
62 76
68 49
41 56
76 70
47 13
52 48
51 42
23 31
80 96
53 29
79 13
5 16
81 93
20 15
95 82
20 38
1 18
53 37
97 81
70 7
54 31
39 18
89 12
85 65
33 22
57 43
19 95
26 21
67 29
5 40
76 98
6 23
X
88 70
4 42
5 27
63 82
3 97
75 59
80 12
50 50
23 58
16 58
16 77
39 95
62 56
25 90
24 38
93 28
89 26
53 96
16 95
39 23
X
7 28
28 66
93 73
43 79
30 2
57 56
55 14
82 79
71 14
71 33
74 78
11 47
76 94
2 34
97 53
50 5
5 88
42 16
79 72
20 1
6 96
23 34
54 2
43 34
14 15
56 92
36 83
47 15
15 20
80 26
38 60
23 6
40 16
71 78
39 1
17 3
91 97
47 53
43 6
50 61
9 59
83 79
44 7
64 76
86 23
71 74
60 74
63 26
68 90
79 3
88 42
36 26
36 41
36 24
58 65
79 12
43 95
20 76
43 25
97 9
42 94
5 22
81 31
20 28
38 67
16 6
73 14
34 51
32 65
43 39
9 66
86 32
58 24
15 39
30 31
84 80
7 3
84 23
95 15
56 32
69 21
62 31
80 36
15 13
44 92
26 27
63 2
61 8
49 34
5 4
44 13
3 17
34 76
67 71
49 56
91 83
60 35
44 59
97 41
4 93
9 38
92 59
98 92
43 11
7 88
96 44
2 25
50 88
55 34
78 12
68 16
3 87
6 38
83 77
98 41
48 64
17 72
16 0
61 81
94 35
47 88
84 28
94 13
X
54 74
59 84
88 25
38 76
50 82
63 98
34 86
30 42
64 85
5 59
61 76
38 11
93 11
36 15
59 37
31 22
65 88
47 92
95 11
15 59
78 83
94 31
74 43
X
90 20
47 56
93 74
73 19
97 22
72 48
74 32
7 97
54 88
15 87
38 56
14 84
34 31
35 33
98 46
92 23
11 53
42 60
37 60
92 19
53 1
49 61
30 10
26 44
66 65
56 63
13 74
54 72
88 15
33 52
54 96
55 51
29 55
60 6
38 34
30 25
21 14
51 29
71 25
52 4
78 72
6 43
8 80
13 62
28 3
21 98
15 47
26 46
56 65
55 21
10 54
39 35
77 88
7 47
41 66
29 21
94 4
79 71
73 37
34 22
73 88
87 76
27 5
53 64
84 73
48 53
5 37
47 32
95 81
73 50
81 91
61 57
69 92
94 63
50 65
7 1
93 15
96 46
48 3
12 17
41 23
38 92
92 35
81 28
54 85
52 10
24 32
60 63
39 71
64 39
82 8
X
37 37
51 79
79 78
98 42
6 7
86 38
58 61
19 19
17 89
93 12
49 97
31 21
6 4
64 2
80 58
15 18
90 25
77 4
47 41
88 11
82 75
64 82
13 56
55 73
2 13
14 4
7 29
31 29
38 17
29 41
67 87
44 93
63 42
50 69
93 88
90 66
37 34
80 82
42 89
82 39
97 80
X
4 55
23 19
30 79
45 88
74 75
73 17
44 17
89 86
64 28
42 39
70 89
42 50
45 91
37 12
78 89
25 43
37 46
10 64
52 64
72 71
14 78
97 20
9 56
96 13
5 31
78 94
60 64
49 42
15 76
15 90
58 69
90 16
22 85
53 46
71 50
32 18
62 49
66 52
38 25
81 73
27 23
89 56
56 85
74 4
76 2
79 45
61 74
65 6
62 89
14 10
94 89
82 26
33 25
46 92
72 31
81 78
3 1
30 0
97 17
96 40
95 3
41 21
49 58
88 54
47 85
47 27
79 50
83 8
29 49
47 18
35 74
15 16
97 45
67 93
81 20
73 85
95 13
21 39
1 93
13 10
2 53
39 79
97 70
26 90
96 30
38 27
78 13
60 16
2 89
47 71
10 83
60 26
96 19
42 45
35 14
66 95
98 48
28 34
20 67
5 29
31 75
92 67
61 59
93 38
72 39
11 17
47 72
24 73
82 87
86 61
37 29
7 75
63 23
26 15
5 2
71 29
9 11
68 29
48 66
65 29
14 16
88 98
11 1
29 26
21 22
6 11
20 60
52 59
22 46
34 59
5 45
51 70
33 79
92 13
3 40
38 91
46 7
27 85
75 22
30 18
53 89
37 73
22 98
25 33
29 29
89 46
46 77
37 58
61 70
78 53
27 7
81 56
59 76
92 7
71 63
2 52
68 31
37 67
85 41
5 41
44 70
25 27
23 30
91 65
33 91
57 75
23 71
53 4
33 59
62 66
73 31
10 42
82 68
12 38
4 83
9 32
75 13
48 59
64 81
79 68
51 19
31 36
88 51
20 25
32 86
64 19
87 16
78 22
52 35
21 76
30 50
80 9
4 52
8 34
6 58
54 76
52 98
2 81
85 29
20 3
58 66
68 93
23 54
70 36
69 37
13 47
24 28
50 23
97 13
56 81
48 49
19 5
62 90
44 97
56 58
8 85
75 32
98 54
59 64
48 18
32 54
39 31
28 84
20 13
9 20
84 74
65 83
70 70
59 46
98 61
12 39
63 58
42 20
93 32
63 84
35 13
37 19
41 9
15 68
45 98
51 59
90 95
15 9
9 82
22 71
21 16
4 68
67 47
64 95
19 45
X
35 24
23 1
78 38
98 15
54 16
64 64
43 65
39 77
46 17
11 75
59 6
59 69
40 18
85 79
29 56
54 25
77 76
68 21
38 90
41 55
32 66
44 41
60 17
85 62
9 97
62 30
63 91
89 13
51 64
89 55
26 37
29 10
12 29
36 27
88 64
12 78
25 67
1 90
17 78
3 25
70 62
38 55
77 52
64 12
42 83
13 37
38 43
3 35
42 57
61 71
82 5
73 2
76 56
20 64
12 4
71 30
67 17
70 54
14 90
15 41
29 84
89 45
32 38
31 0
82 10
12 94
75 31
26 52
4 90
18 22
9 86
77 33
41 96
49 13
8 97
49 69
57 69
93 5
81 30
84 21
96 76
31 3
23 79
33 34
53 78
52 39
24 13
15 82
38 41
78 50
45 86
75 7
71 95
88 77
30 48
19 55
7 32
62 73
15 40
91 43
49 24
14 50
77 79
56 79
75 85
36 11
1 76
44 16
21 73
7 98
92 34
36 76
8 11
52 75
81 77
40 13
76 61
69 59
65 63
56 3
25 48
79 11
X
46 63
26 97
90 91
72 35
69 28
74 82
46 49
8 79
40 57
90 96
96 74
43 19
81 70
55 56
X
73 70
33 82
51 20
24 91
53 12
53 95
46 93
70 38
74 40
92 5
89 58
72 64
27 40
19 54
24 50
59 11
31 6
11 15
25 50
79 28
64 1
46 28
60 18
3 64
65 55
77 94
19 44
52 5
21 7
6 83
82 42
48 93
91 75
2 94
54 22
49 78
4 80
23 73
28 61
26 30
94 29
8 36
32 80
74 54
X
70 94
27 11
66 50
96 93
75 78
53 86
73 29
36 63
X
44 49
73 96
51 49
77 73
20 95
40 74
43 54
68 47
22 43
37 76
20 34
X
69 8
35 77
93 33
11 11
55 71
80 94
9 98
80 87
37 49
7 60
44 26
44 83
42 91
56 25
72 1
21 44
80 20
88 34
15 2
21 42
22 45
58 76
89 81
96 43
93 67
93 57
59 63
46 1
54 46
19 34
14 54
1 23
42 49
45 44
4 89
48 42
26 26
11 40
15 11
46 66
93 39
93 89
52 9
11 98
53 52
13 58
57 65
54 61
28 19
36 84
76 86
37 21
55 57
18 98
49 22
26 43
46 81
21 69
20 81
51 17
60 75
68 79
82 51
55 11
70 97
51 75
92 88
36 38
48 29
32 64
94 14
30 44
39 92
38 59
22 65
4 31
22 10
82 47
94 76
24 27
46 29
83 91
44 63
35 56
31 18
16 71
79 1
92 3
45 77
1 65
52 77
47 55
11 76
86 8
7 41
88 96
35 20
18 35
91 36
63 12
67 42
49 74
64 11
93 53
1 52
29 28
75 77
58 31
26 20
80 0
72 8
49 92
73 20
81 95
63 1
78 86
41 74
19 92
90 32
13 85
30 66
21 1
66 27
73 51
64 5
83 10
54 73
90 97
13 4
79 58
87 17
6 75
56 91
49 33
67 54
44 11
74 77
57 44
88 58
34 20
X
91 21
62 70
7 56
2 55
57 96
71 59
85 33
7 6
62 57
14 25
15 6
74 83
2 32
94 73
84 37
54 57
50 3
95 53
3 81
52 30
66 23
53 77
38 45
16 3
54 97
21 87
46 14
65 59
94 19
52 96
45 90
1 30
X
54 64
26 91
28 81
75 61
72 76
39 64
33 49
49 77
16 55
24 60
15 70
71 82
81 84
92 21
13 54
55 67
96 64
6 60
63 94
49 96
28 33
64 93
20 93
54 92
96 31
10 29
58 92
35 68
11 28
81 8
18 26
12 56
32 90
97 66
31 47
44 40
3 76
31 35
54 45
36 33
X
94 7
66 81
61 15
78 63
75 81
22 48
75 55
86 44
52 24
68 62
78 8
73 61
45 55
46 76
74 38
56 80
70 37
42 90
46 61
72 2
9 42
94 28
80 25
31 8
53 72
94 61
79 17
81 6
90 60
84 64
74 17
49 28
85 74
42 23
33 92
94 22
53 47
66 76
46 88
13 63
83 82
18 20
71 77
87 36
2 97
23 25
53 83
20 9
26 31
26 81
29 1
59 93
95 71
15 63
84 50
41 73
7 40
69 40
96 71
66 29
89 63
48 97
24 23
7 89
59 4
75 93
49 7
59 94
34 77
82 21
83 1
49 81
52 25
87 73
48 63
34 35
13 34
23 12
32 35
11 49
25 83
30 35
32 59
17 73
21 11
41 15
26 50
80 91
21 41
12 98
43 87
71 42
97 21
40 38
48 91
16 70
55 68
18 2
44 77
87 40
98 25
77 2
9 65
37 15
83 29
91 51
46 30
78 44
89 52
44 67
35 32
62 26
63 9
95 41
23 4
83 16
79 24
76 29
89 41
48 13
48 82
80 60
14 63
10 89
41 6
11 83
13 72
88 36
6 30
10 11
29 35
80 34
37 1
72 55
18 25
71 90
67 83
82 97
22 58
2 18
97 64
60 73
87 92
80 48
58 77
98 85
43 67
39 16
80 46
83 92
78 20
49 60
19 58
38 7
12 62
65 56
50 39
48 11
66 18
49 40
24 68
94 74
35 37
27 80
60 55
48 39
47 19
16 24
6 27
34 39
23 98
52 46
11 10
18 7
59 59
89 82
69 81
47 23
1 63
67 73
39 39
24 11
75 38
36 56
91 76
4 63
80 97
85 82
5 71
24 18
18 68
69 82
10 86
44 42
34 63
53 81
15 24
32 24
89 90
64 91
49 52
55 54
59 52
96 51
95 55
26 8
1 55
84 95
9 6
87 81
60 0
81 24
52 57
1 51
92 6
6 78
96 14
54 59
50 27
57 32
72 49
31 82
43 80
63 43
77 54
11 97
40 84
3 38
14 57
5 13
87 90
25 78
53 58
1 46
91 67
13 9
66 72
76 73
11 55
96 1
88 67
3 23
48 79
9 84
88 81
26 7
28 53
20 10
10 91
59 55
76 49
28 5
46 91
77 10
80 14
27 10
74 2
89 97
55 63
20 45
27 29
10 40
29 83
26 75
87 95
4 37
70 68
18 14
75 0
67 84
4 32
62 92
18 6
1 67
80 5
5 25
46 58
10 76
21 34
69 5
92 56
69 80
40 48
31 48
56 55
17 13
78 36
60 2
32 0
7 58
40 36
25 77
95 33
72 95
19 13
4 22
4 9
12 82
71 35
25 20
32 19
85 60
50 73
35 64
77 62
9 87
62 47
15 1
98 96
82 50
1 9
55 10
56 61
3 53
19 40
54 0
84 84
7 36
42 14
40 32
38 13
37 78
92 40
10 71
44 33
73 77
60 37
7 39
69 9
50 86
23 36
51 7
19 18
3 54
14 9
94 38
53 3
46 75
64 86
26 32
71 46
12 60
82 52
14 33
32 21
50 77
42 68
30 78
40 33
33 71
33 78
37 31
95 56
36 82
20 23
13 81
73 94
68 17
6 19
11 14
53 23
38 97
80 33
87 33
11 37
56 12
5 89
92 42
4 59
11 24
59 47
X
13 26
70 63
43 14
68 12
72 0
71 51
42 17
41 3
45 80
65 95
27 48
14 21
62 48
88 24
31 67
23 32
20 77
28 28
97 47
45 14
37 81
77 78
79 29
23 23
47 61
27 87
59 25
85 55
54 27
39 80
45 33
85 7
41 93
11 60
5 52
46 42
19 23
41 50
56 28
67 58
48 88
39 34
4 24
51 78
80 24
87 87
84 77
89 37
59 80
57 24
8 2
73 97
6 69
71 48
44 25
36 7
36 47
56 43
57 64
96 54
80 10
43 10
3 9
76 36
83 0
69 64
12 49
58 45
X
37 52
91 70
71 94
4 43
44 32
43 93
51 62
97 39
57 68
48 23
93 92
62 75
93 56
35 36
9 96
83 59
41 82
97 90
41 19
88 86
54 79
10 12
75 6
72 87
32 97
37 28
89 49
22 64
36 61
63 6
45 75
50 41
19 78
78 95
30 82
5 63
16 64
64 98
98 10
63 57
25 17
41 5
X
44 75
27 57
5 64
69 71
57 71
62 55
33 33
46 3
78 4
31 42
13 21
61 72
13 11
6 34
62 39
58 14
79 65
94 25
15 50
17 58
57 37
10 3
20 71
39 22
91 74
35 51
75 50
86 35
40 19
84 3
8 37
69 48
9 71
38 84
32 46
74 3
20 82
39 55
33 45
98 70
69 4
10 43
42 12
9 80
38 82
17 2
37 79
74 57
82 46
50 70
70 61
97 65
25 69
43 82
57 11
98 81
14 53
22 80
26 40
39 32
77 68
24 70
45 34
6 93
89 98
83 64
34 60
58 91
69 97
75 43
31 55
78 3
87 79
61 40
16 1
31 37
83 85
38 75
45 18
32 67
53 13
1 81
68 92
21 55
25 76
21 93
45 11
98 43
67 3
14 62
35 81
94 45
91 54
45 79
39 6
17 10
97 79
79 83
54 40
63 55
52 79
59 35
95 12
88 17
67 96
60 40
81 45
43 74
32 15
51 8
45 45
82 17
65 43
9 39
14 94
87 94
25 18
5 18
70 49
41 84
59 33
78 47
18 91
8 90
4 40
3 19
62 17
75 49
77 98
53 19
14 29
67 78
7 82
4 84
96 28
29 9
67 10
45 0
75 9
84 8
44 53
11 58
X
50 91
45 92
7 55
15 65
28 25
40 35
2 19
21 63
55 15
91 73
27 28
19 33
3 10
11 41
55 80
54 17
17 52
32 94
4 29
46 32
39 36
33 21
89 28
22 33
58 73
62 71
87 5
58 23
82 15
48 2
87 57
84 38
68 4
84 68
54 28
90 67
49 45
46 87
63 17
79 73
68 54
77 64
65 23
15 4
92 93
63 19
50 63
83 83
8 15
45 49
16 50
67 21
73 71
5 47
55 31
79 31
74 81
2 73
87 14
91 35
98 22
57 13
57 28
94 3
X
46 20
25 4
77 34
79 4
12 24
29 77
29 74
91 86
88 13
11 62
24 72
20 51
98 7
81 75
68 41
56 8
70 35
80 3
76 43
50 81
74 93
3 28
90 23
15 80
59 78
43 38
65 84
32 28
26 22
17 27
3 51
6 45
67 94
49 23
52 23
2 80
7 20
7 9
97 7
21 85
89 71
18 12
97 82
73 81
35 82
14 28
65 81
80 66
33 93
80 71
29 96
78 17
59 45
30 8
83 34
62 10
67 38
79 54
9 81
89 22
83 35
95 63
68 23
98 17
9 45
97 95
41 45
50 12
77 72
82 9
46 59
20 17
7 38
38 80
60 33
47 11
66 42
85 63
16 97
2 87
59 2
55 48
54 14
19 66
36 81
30 60
2 10
51 47
17 33
65 28
41 2
43 86
97 19
18 90
96 21
66 60
26 89
39 27
43 29
49 76
89 96
81 50
69 58
73 23
4 58
75 40
49 88
21 57
96 62
81 88
41 54
X
53 42
48 72
96 48
64 41
88 84
47 31
36 74
51 54
42 82
3 86
31 19
61 94
24 78
58 9
6 49
46 53
X
66 59
94 69
11 93
51 63
74 46
22 4
29 48
75 63
14 92
8 53
16 15
96 24
23 11
10 74
50 60
6 36
5 26
41 14
36 48
96 82
42 19
87 1
70 66
78 52
98 80
69 74
25 60
72 57
29 8
98 38
29 33
86 30
55 24
51 27
16 74
2 29
43 75
95 89
48 41
71 8
43 90
48 12
14 47
6 8
95 37
4 74
91 52
97 85
18 56
47 37
43 21
68 11
89 54
23 20
63 81
47 91
84 12
8 65
14 49
56 26
78 16
57 94
5 39
11 73
20 59
12 42
61 11
79 16
28 52
27 20
8 27
94 58
46 62
63 18
64 60
92 63
41 87
63 30
44 79
28 68
84 10
42 44
78 61
98 4
70 6
21 38
92 69
56 48
8 82
36 44
61 27
83 25
43 30
49 82
27 69
51 53
62 80
30 55
86 43
69 3
10 22
92 30
97 15
2 24
72 45
3 91
30 91
5 12
2 64
54 7
52 83
17 55
36 32
48 51
88 46
71 81
16 5
21 71
86 79
14 24
82 95
49 54
52 22
31 50
X
21 95
6 5
43 81
61 64
6 70
49 36
90 45
49 49
48 19
47 80
X
89 32
66 54
84 62
13 71
72 75
13 22
85 54
19 17
25 36
96 37
25 31
81 94
5 9
81 44
26 5
11 84
83 21
26 48
82 96
44 46
78 28
92 85
40 96
92 66
28 60
95 58
14 52
5 82
54 80
96 85
7 86
82 34
55 22
42 58
1 45
8 9
X
53 85
53 63
29 98
25 52
82 85
76 83
36 91
24 30
27 43
22 53
36 43
87 23
27 67
47 96
46 4
33 39
5 85
10 35
85 9
12 89
19 25
55 89
90 94
41 12
88 52
56 89
98 1
86 78
35 46
27 32
23 96
28 12
35 88
7 22
77 60
13 64
64 8
17 98
94 93
54 43
89 34
51 2
1 24
36 25
13 70
55 76
4 73
16 27
72 88
77 65
9 77
40 44
51 76
89 50
76 1
92 64
55 1
86 56
16 56
84 9
69 31
50 22
96 84
95 76
43 78
69 29
49 27
14 93
38 83
48 95
30 6
36 85
98 3
80 32
2 92
26 34
19 69
68 50
38 53
71 80
24 47
93 20
70 64
7 85
6 82
80 13
39 67
47 87
48 24
72 53
89 44
75 48
57 95
44 15
56 71
37 23
13 48
66 10
61 63
1 85
90 93
77 63
59 24
17 97
97 40
87 55
51 73
44 87
40 11
97 51
19 22
8 20
32 48
81 89
32 23
92 38
76 77
52 38
72 50
49 39
24 25
13 50
24 17
4 56
56 11
42 37
36 17
10 72
82 55
92 60
25 7
24 52
70 57
42 87
20 29
66 53
7 93
65 57
91 96
64 90
38 78
26 13
97 24
34 18
12 2
47 82
49 66
22 19
42 80
91 55
51 74
16 98
26 49
12 53
49 2
59 16
20 2
69 51
71 53
18 41
93 76
40 79
8 75
34 43
61 83
15 12
12 87
57 21
13 46
44 71
20 94
52 80
21 67
91 26
92 68
77 29
78 37
67 82
26 29
3 98
78 46
84 25
90 71
6 46
20 16
90 24
4 15
46 95
37 63
69 91
84 59
48 78
55 90
62 40
27 53
88 3
45 21
20 80
35 22
10 59
27 46
45 35
35 95
58 64
78 60
83 49
23 76
1 14
12 48
43 84
67 24
43 71
61 17
38 70
7 48
28 48
44 10
90 21
65 46
76 55
92 37
81 54
10 65
28 86
26 55
89 33
75 58
13 75
12 18
34 47
40 5
70 90
86 10
86 63
85 10
97 1
68 56
3 66
37 27
93 37
38 12
46 46
40 17
69 65
25 29
37 97
41 1
77 48
79 37
68 48
13 7
1 44
41 88
55 20
94 80
1 13
27 76
8 83
79 66
82 77
36 64
68 84
63 77
93 72
80 11
48 37
33 89
60 60
62 46
23 82
61 35
13 12
38 66
85 39
91 12
14 65
6 52
5 93
69 95
73 0
77 28
70 29
73 27
32 70
28 29
8 25
67 46
64 7
47 30
55 26
27 22
40 22
45 58
55 4
77 44
51 80
79 82
37 64
53 56
8 64
2 46
19 35
15 95
3 18
8 19
75 17
50 30
40 37
24 85
88 93
57 88
42 77
26 84
7 25
59 18
95 40
80 88
15 0
12 21
65 9
39 66
3 57
77 38
83 84
34 11
89 94
66 70
6 22
60 70
87 2
14 55
15 78
64 77
4 78
54 87
2 11
36 37
57 84
4 11
44 81
82 93
50 49
36 77
9 44
86 60
24 77
11 70
94 68
79 88
1 77
46 47
7 67
16 41
59 81
29 91
8 46
23 24
19 88
78 64
56 86
28 21
87 51
6 80
86 59
X
58 95
59 82
98 40
69 47
4 27
42 61
1 12
47 47
57 46
82 40
10 41
39 88
24 44
41 91
14 96
28 51
93 90
47 45
67 52
49 80
8 76
76 90
30 16
95 95
71 61
51 22
90 77
96 2
83 80
X
68 87
65 66
82 22
89 24
95 79
6 44
44 28
7 78
57 14
52 42
63 8
8 78
87 96
85 18
24 88
16 47
3 39
97 23
47 76
5 49
57 22
59 27
6 89
57 87
88 90
28 32
82 35
35 40
60 27
93 36
7 18
63 31
16 11
78 87
18 64
75 56
85 19
82 65
49 89
75 25
27 62
81 55
38 0
54 1
80 1
84 1
21 2
23 2
31 2
88 2
87 3
91 4
17 5
18 5
55 5
12 6
17 6
47 6
52 6
7 7
12 7
17 7
47 7
58 7
63 7
71 7
65 8
70 8
62 9
5 10
42 10
33 11
96 11
3 12
8 12
26 12
40 12
77 13
20 14
27 14
78 14
X
79 15
73 16
85 16
91 16
10 17
17 17
21 17
33 17
65 17
77 17
52 18
53 18
14 19
55 19
5 20
85 20
10 21
21 21
27 21
46 21
75 21
77 21
11 22
74 22
80 22
40 23
57 23
76 23
45 24
24 6
68 24
76 24
77 24
9 25
12 25
31 25
87 7
63 25
82 25
85 25
6 26
24 26
31 26
58 26
1 27
3 27
18 27
20 27
94 27
26 28
43 28
53 28
58 21
21 29
56 29
61 29
8 30
30 30
36 30
48 31
56 31
70 31
78 31
82 31
25 30
98 31
76 28
55 32
70 32
5 33
57 33
51 25
75 33
15 34
27 34
66 34
91 34
23 35
63 35
73 35
85 35
87 35
42 36
29 37
43 37
45 37
94 37
31 39
91 20
35 39
67 39
17 40
14 7
66 40
8 41
6 42
20 42
22 42
17 20
29 42
56 42
86 42
45 43
87 43
39 45
23 7
53 45
67 45
77 45
91 44
96 45
12 46
75 46
69 22
90 46
70 44
72 47
1 48
44 48
50 48
82 48
2 49
28 49
35 49
64 49
65 49
87 49
96 49
X
4 50
28 50
36 49
36 50
44 50
48 50
29 50
39 51
51 51
11 33
57 51
77 51
85 51
90 51
36 52
13 33
39 11
52 52
56 52
15 53
25 53
39 53
43 53
53 17
60 53
76 53
30 37
86 54
61 53
67 55
94 55
11 56
52 56
19 57
31 57
96 57
20 58
28 58
2 59
11 59
13 59
53 59
64 59
47 60
11 61
30 39
13 61
75 51
79 61
83 61
18 62
32 31
40 60
20 62
36 62
77 47
35 10
43 62
89 62
35 63
42 63
54 63
67 63
94 59
8 49
91 63
52 51
1 64
80 65
84 65
65 48
87 44
90 65
95 65
32 2
59 66
61 65
8 50
81 66
10 67
50 67
97 67
4 49
1 68
38 68
39 68
48 45
69 68
98 68
X
4 69
22 69
65 69
93 69
33 18
20 70
18 65
67 70
19 71
41 67
31 71
76 71
11 72
48 60
21 72
23 72
36 72
50 72
64 72
72 72
46 64
74 53
75 72
19 73
20 73
26 73
85 52
52 73
82 73
28 74
53 74
67 74
29 68
74 64
18 75
23 75
38 58
41 75
48 56
4 76
86 3
26 76
8 40
63 76
37 77
94 77
66 66
41 48
27 78
28 78
42 78
76 78
93 78
98 78
78 79
84 79
19 80
53 80
16 81
27 82
39 82
95 77
83 40
8 57
78 82
28 83
54 58
28 57
66 83
86 83
94 46
94 83
6 84
10 84
14 18
25 84
79 84
6 85
55 85
36 73
60 85
2 86
31 86
54 86
60 86
73 86
52 60
49 57
81 86
13 87
56 87
14 88
62 88
13 89
61 89
72 89
44 37
30 15
77 89
23 90
27 90
61 85
20 72
79 75
40 9
39 90
84 78
54 90
59 71
65 90
69 90
78 35
8 91
15 91
30 86
17 91
28 91
77 91
16 92
31 92
80 92
91 92
5 51
8 93
10 93
76 93
27 91
80 93
24 94
7 4
71 52
31 94
56 94
87 52
5 74
X
22 95
29 75
76 66
73 95
83 95
15 96
51 4
81 85
24 95
17 96
44 96
64 96
95 14
70 20
94 92
6 40
81 96
80 47
82 74
1 97
47 28
13 79
39 97
X
X
57 90
X
96 89
59 38
X
X
47 70
80 54
X
42 5
X
X
X
X
X
31 93
96 36
X
87 85
X
88 53
X
X
59 96
X
X
69 72
X
X
X
23 37
X
X
27 83
X
95 70
95 78
X
75 91
7 10
74 87
13 14
X
X
14 69
X
X
59 92
X
X
X
35 62
X
X
X
20 41
17 14
28 42
X
67 26
24 75
69 55
41 38
96 32
X
68 42
X
X
X
71 32
97 43
X
X
X
X
93 91
X
55 88
X
27 58
X
X
X
X
50 62
6 98
X
X
96 26
81 48
X
86 41
X
88 28
46 33
13 40
86 18
X
88 5
X
55 79
6 90
75 30
X
93 27
X
79 5
X
32 3
90 26
92 92
60 29
52 21
27 39
X
X
X
X
98 71
X
X
50 79
54 83
70 80
X
15 27
X
44 90
81 25
X
65 62
86 37
X
X
77 69
88 41
X
27 74
X
74 92
6 21
X
41 57
74 21
X
29 97
80 30
X
X
X
51 50
4 3
X
66 37
X
50 7
15 71
92 70
45 40
43 1
39 17
32 41
X
55 46
57 73
8 47
38 37
X
61 47
95 39
89 53
44 60
X
X
21 94
X
X
X
X
79 10
7 2
79 14
X
X
13 16
36 86
4 51
18 71
X
10 37
22 13
49 14
71 34
20 55
X
24 59
97 57
18 19
17 16
13 86
30 43
X
67 41
X
58 4
43 94
74 8
X
15 64
X
X
13 23
67 22
58 85
27 60
41 10
45 82
39 44
10 68
27 41
X
17 54
90 17
X
33 26
47 59
87 46
33 87
90 70
X
46 18
X
X
X
X
3 32
X
X
59 40
X
10 32
73 43
X
51 34
54 38
30 26
X
70 95
X
36 45
X
X
X
X
X
X
86 53
X
44 58
42 7
9 67
X
X
38 31
62 51
34 65
57 34
60 56
11 86
2 0
X
7 80
X
X
X
X
98 51
X
15 10
X
80 45
48 85
55 82
1 19
39 21
X
42 95
X
65 65
83 94
34 88
X
37 87
X
X
56 33
X
47 52
90 0
X
X
X
58 57
X
60 71
6 94
33 64
X
X
X
X
69 53
26 41
73 59
94 44
X
X
X
42 24
3 30
X
X
X
X
87 80
92 22
X
X
44 54
X
58 80
83 67
X
X
5 61
X
X
5 55
X
68 80
94 70
28 72
33 38
97 59
78 15
38 33
18 28
X
X
38 1
48 77
X
62 25
X
61 77
X
83 86
62 93
8 96
11 69
67 81
29 81
34 95
X
67 57
X
X
5 97
56 9
61 26
X
X
85 80
77 67
X
X
X
X
63 75
X
X
X
36 88
X
22 44
76 87
39 57
95 64
X
X
12 1
24 53
X
18 59
X
X
71 70
53 61
X
X
33 66
40 25
X
82 20
X
98 50
9 60
X
X
88 83
11 8
X
X
X
37 92
22 30
63 38
X
X
24 36
X
90 76
X
X
87 38
X
13 77
X
37 36
83 26
X
5 90
15 77
83 38
X
X
X
X
11 54
77 56
X
X
X
X
X
X
X
27 64
X
30 98
X
27 98
53 65
X
4 94
X
X
X
X
43 59
X
79 87
X
X
97 92
X
X
X
X
X
X
95 47
X
70 46
X
X
31 32
X
52 91
11 91
X
68 98
35 19
21 28
X
X
X
X
17 84
61 36
X
X
X
X
X
X
4 71
X
X
X
X
X
X
X
1 72
X
X
X
58 54
X
41 92
5 87
X
X
X
X
26 78
X
X
X
X
X
X
56 69
X
X
X
X
51 86
67 77
X
X
X
X
X
X
X
X
X
X
X
X
X
X
X
X
X
X
X
X
X
X
28 80
X
X
X
69 83
X
X
X
X
X
X
X
X
X
X
X
X
X
X
X
X
X
X
X
X
X
X
X
X
X
X
X
X
X
X
X
X
X
X
X
X
X
X
X
X
X
X
X
X
X
24 84
X
X
X
X
X
X
X
X
X
X
X
X
X
X
X
X
X
X
X
X
X
X
X
X
X
X
X
X
X
X
X
X
X
X
X
X
X
X
X
X
X
X
X
X
X
X
X
X
X
X
X
X
X
X
X
X
X
X
X
X
X
X
X
X
X
X
X
X
X
X
X
X
X
X
X
X
X
X
X
X
X
X
X
X
X
X
X
X
X
X
X
X
X
X
X
X
X
X
X
X
X
X
X
X
X
X
X
X
X
X
X
X
X
X
X
X
X
X
X
X
X
X
X
X
X
X
X
X
X
X
X
X
X
X
X
X
X
X
X
X
X
X
X
X
X
X
X
X
X
X
X
X
X
X
X
X
X
X
X
X
X
X
X
X
X
X
X
X
X
X
X
X
X
49 12
91 98
X
34 41
35 92
37 66
40 77
90 63
23 47
54 21
29 4
